   5.66666651    
  0.200000003      0.200000003      0.200000003      0.200000003    
   5.66634607    
  0.241999999      0.250000000      0.224999994      0.224999994    
   5.66634607    
  0.241999999      0.250000000      0.224999994      0.224999994    
   5.66634607    
  0.241999999      0.250000000      0.224999994      0.224999994    
   5.66634607    
  0.241999999      0.250000000      0.224999994      0.224999994    
   5.66634607    
  0.241999999      0.250000000      0.224999994      0.224999994    
   5.66634607    
  0.241999999      0.250000000      0.224999994      0.224999994    
   5.66634607    
  0.241999999      0.250000000      0.224999994      0.224999994    
   5.66634607    
  0.241999999      0.250000000      0.224999994      0.224999994    
   5.66634607    
  0.241999999      0.250000000      0.224999994      0.224999994    
   5.66634607    
  0.241999999      0.250000000      0.224999994      0.224999994    
   5.66634607    
  0.241999999      0.250000000      0.224999994      0.224999994    
   5.66634607    
  0.241999999      0.250000000      0.224999994      0.224999994    
   5.66634607    
  0.241999999      0.250000000      0.224999994      0.224999994    
   5.66634607    
  0.241999999      0.250000000      0.224999994      0.224999994    
   5.66634607    
  0.241999999      0.250000000      0.224999994      0.224999994    
   5.66634607    
  0.241999999      0.250000000      0.224999994      0.224999994    
   5.66634607    
  0.241999999      0.250000000      0.224999994      0.224999994    
   5.66634607    
  0.241999999      0.250000000      0.224999994      0.224999994    
   5.66634607    
  0.241999999      0.250000000      0.224999994      0.224999994    
   5.66634607    
  0.241999999      0.250000000      0.224999994      0.224999994    
   5.66634607    
  0.241999999      0.250000000      0.224999994      0.224999994    
   5.66634607    
  0.241999999      0.250000000      0.224999994      0.224999994    
   5.66634607    
  0.241999999      0.250000000      0.224999994      0.224999994    
   5.66634607    
  0.241999999      0.250000000      0.224999994      0.224999994    
   5.66634607    
  0.241999999      0.250000000      0.224999994      0.224999994    
   5.66634607    
  0.241999999      0.250000000      0.224999994      0.224999994    
   5.66634607    
  0.241999999      0.250000000      0.224999994      0.224999994    
   5.66634607    
  0.241999999      0.250000000      0.224999994      0.224999994    
   5.66634607    
  0.241999999      0.250000000      0.224999994      0.224999994    
   5.66634607    
  0.241999999      0.250000000      0.224999994      0.224999994    
   5.66634607    
  0.241999999      0.250000000      0.224999994      0.224999994    
   5.66634607    
  0.241999999      0.250000000      0.224999994      0.224999994    
   5.66634607    
  0.241999999      0.250000000      0.224999994      0.224999994    
   5.66634607    
  0.241999999      0.250000000      0.224999994      0.224999994    
   5.66634607    
  0.241999999      0.250000000      0.224999994      0.224999994    
   5.66634607    
  0.241999999      0.250000000      0.224999994      0.224999994    
   5.66634607    
  0.241999999      0.250000000      0.224999994      0.224999994    
   5.66634607    
  0.241999999      0.250000000      0.224999994      0.224999994    
   5.66634607    
  0.241999999      0.250000000      0.224999994      0.224999994    
   5.66634607    
  0.241999999      0.250000000      0.224999994      0.224999994    
   5.66634607    
  0.241999999      0.250000000      0.224999994      0.224999994    
   5.66634607    
  0.241999999      0.250000000      0.224999994      0.224999994    
   5.66634607    
  0.241999999      0.250000000      0.224999994      0.224999994    
   5.66634607    
  0.241999999      0.250000000      0.224999994      0.224999994    
   5.66634607    
  0.241999999      0.250000000      0.224999994      0.224999994    
   5.66634607    
  0.241999999      0.250000000      0.224999994      0.224999994    
   5.66634607    
  0.241999999      0.250000000      0.224999994      0.224999994    
   5.66634607    
  0.241999999      0.250000000      0.224999994      0.224999994    
   5.66634607    
  0.241999999      0.250000000      0.224999994      0.224999994    
   5.66634607    
  0.241999999      0.250000000      0.224999994      0.224999994    
   5.66634607    
  0.241999999      0.250000000      0.224999994      0.224999994    
   5.66634607    
  0.241999999      0.250000000      0.224999994      0.224999994    
   5.66634607    
  0.241999999      0.250000000      0.224999994      0.224999994    
   5.66634607    
  0.241999999      0.250000000      0.224999994      0.224999994    
